29
86
199
214
17
69
66
152
183
218
139
80
235
37
236
80
68
13
175
192
207
254
104
100
35
52
34
65
74
51
75
131
212
245
152
208
148
252
50
188
67
95
208
229
31
97
118
153
140
35
22
225
103
200
56
71
16
37
222
169
245
106
230
97
249
82
7
64
13
16
34
115
247
182
108
225
215
89
183
214
233
69
145
189
121
22
70
20
11
38
241
116
231
187
225
144
68
163
214
108
87
121
53
64
110
233
120
24
108
102
250
135
95
18
145
211
120
28
164
114
239
20
248
130
69
51
14
190
17
55
172
49
183
132
57
249
200
40
46
169
101
61
198
66
251
125
147
38
39
165
